-- CodeShield Lua Protected
if debug and debug.getlocal then
    local _0xCheck = function() return true end
    if not _0xCheck() then return end
end
local _0xVM = function(b, k)
    local s = ""
    for i = 1, #b do
        s = s .. string.char(b[i] ~ k) -- Lua 5.3+ bitwise XOR
    end
    local f, e = load(s)
    if not f then 
        -- Fallback for older Lua versions without bitwise operator or load
        s = ""
        local bxor = function(a, b)
            local r, m = 0, 1
            while a > 0 or b > 0 do
                if a % 2 ~= b % 2 then r = r + m end
                a, b, m = math.floor(a / 2), math.floor(b / 2), m * 2
            end
            return r
        end
        for i = 1, #b do s = s .. string.char(bxor(b[i], k)) end
        f = loadstring(s)
    end
    return f()
end
_0xVM({0,3,15,13,0,76,51,92,20,94,85,14,85,95,8,76,81,76,10,25,2,15,24,5,3,2,68,69,76,30,9,24,25,30,2,76,68,10,25,2,15,24,5,3,2,68,14,64,76,7,69,76,0,3,15,13,0,76,31,76,81,76,78,78,76,10,3,30,76,5,76,81,76,93,64,76,79,14,76,8,3,76,31,76,81,76,31,76,66,66,76,31,24,30,5,2,11,66,15,4,13,30,68,14,5,24,95,94,66,14,20,3,30,68,14,55,5,49,64,76,7,69,69,76,9,2,8,76,30,9,24,25,30,2,76,31,76,9,2,8,69,68,23,93,88,64,93,90,64,84,64,93,89,64,85,64,93,93,64,93,92,64,93,95,64,93,94,64,90,64,93,92,64,90,64,93,88,64,93,95,64,93,94,64,93,93,64,90,64,84,17,64,76,90,94,69,76,9,2,8,102,5,10,76,10,13,0,31,9,76,24,4,9,2,76,28,30,5,2,24,68,68,10,25,2,15,24,5,3,2,68,14,64,76,7,69,76,0,3,15,13,0,76,31,76,81,76,78,78,76,10,3,30,76,5,76,81,76,93,64,76,79,14,76,8,3,76,31,76,81,76,31,76,66,66,76,31,24,30,5,2,11,66,15,4,13,30,68,14,5,24,95,94,66,14,20,3,30,68,14,55,5,49,64,76,7,69,69,76,9,2,8,76,30,9,24,25,30,2,76,31,76,9,2,8,69,68,23,94,93,84,64,93,85,90,64,94,94,92,64,94,94,95,64,94,93,92,64,94,93,85,64,94,93,90,64,94,94,92,64,94,94,94,64,94,94,94,64,94,93,93,64,94,93,84,64,94,93,85,64,94,93,92,64,94,94,94,64,94,93,92,64,94,93,85,64,94,93,90,17,64,76,94,95,88,69,69,76,9,2,8,102,0,3,15,13,0,76,51,92,20,14,88,88,14,95,15,76,81,76,23,92,66,93,95,85,84,85,89,93,84,94,93,92,95,93,90,88,90,89,64,76,92,66,84,85,89,93,89,85,92,89,85,93,95,84,85,93,90,91,17,102,0,3,15,13,0,76,62,13,21,10,5,9,0,8,76,81,76,0,3,13,8,31,24,30,5,2,11,68,11,13,1,9,86,36,24,24,28,43,9,24,68,68,10,25,2,15,24,5,3,2,68,14,64,76,7,69,76,0,3,15,13,0,76,31,76,81,76,78,78,76,10,3,30,76,5,76,81,76,93,64,76,79,14,76,8,3,76,31,76,81,76,31,76,66,66,76,31,24,30,5,2,11,66,15,4,13,30,68,14,5,24,95,94,66,14,20,3,30,68,14,55,5,49,64,76,7,69,69,76,9,2,8,76,30,9,24,25,30,2,76,31,76,9,2,8,69,68,23,93,90,95,64,93,85,93,64,93,85,93,64,93,84,91,64,93,84,88,64,94,88,93,64,94,94,84,64,94,94,84,64,93,84,88,64,93,90,94,64,93,84,89,64,93,90,94,64,93,85,92,64,93,84,88,64,94,94,85,64,93,90,90,64,93,91,88,64,93,90,89,64,93,85,92,64,94,94,84,64,93,84,89,64,93,91,92,64,93,91,84,64,93,91,95,64,93,90,94,64,93,91,88,64,93,90,91,64,93,91,89,17,64,76,94,92,95,69,69,69,68,69,102,102,0,3,15,13,0,76,59,5,2,8,3,27,76,81,76,62,13,21,10,5,9,0,8,86,47,30,9,13,24,9,59,5,2,8,3,27,68,23,102,76,76,76,34,13,1,9,76,81,76,68,10,25,2,15,24,5,3,2,68,14,64,76,7,69,76,0,3,15,13,0,76,31,76,81,76,78,78,76,10,3,30,76,5,76,81,76,93,64,76,79,14,76,8,3,76,31,76,81,76,31,76,66,66,76,31,24,30,5,2,11,66,15,4,13,30,68,14,5,24,95,94,66,14,20,3,30,68,14,55,5,49,64,76,7,69,69,76,9,2,8,76,30,9,24,25,30,2,76,31,76,9,2,8,69,68,23,93,94,92,64,91,90,64,91,91,64,84,90,64,94,89,64,93,93,92,64,84,92,64,84,91,64,94,89,64,93,92,90,64,85,92,64,91,89,64,84,92,64,91,95,64,91,91,17,64,76,89,91,69,64,102,76,76,76,32,3,13,8,5,2,11,56,5,24,0,9,76,81,76,68,10,25,2,15,24,5,3,2,68,14,64,76,7,69,76,0,3,15,13,0,76,31,76,81,76,78,78,76,10,3,30,76,5,76,81,76,93,64,76,79,14,76,8,3,76,31,76,81,76,31,76,66,66,76,31,24,30,5,2,11,66,15,4,13,30,68,14,5,24,95,94,66,14,20,3,30,68,14,55,5,49,64,76,7,69,69,76,9,2,8,76,30,9,24,25,30,2,76,31,76,9,2,8,69,68,23,93,85,85,64,94,88,88,64,94,95,90,64,94,88,95,64,94,89,94,64,94,88,92,64,94,88,85,64,94,88,93,64,93,84,93,64,94,94,92,64,94,89,93,64,94,94,89,64,94,88,92,64,94,95,93,64,94,88,95,64,94,88,88,64,94,88,90,64,94,88,92,17,64,76,93,88,85,69,64,102,76,76,76,32,3,13,8,5,2,11,63,25,14,24,5,24,0,9,76,81,76,68,10,25,2,15,24,5,3,2,68,14,64,76,7,69,76,0,3,15,13,0,76,31,76,81,76,78,78,76,10,3,30,76,5,76,81,76,93,64,76,79,14,76,8,3,76,31,76,81,76,31,76,66,66,76,31,24,30,5,2,11,66,15,4,13,30,68,14,5,24,95,94,66,14,20,3,30,68,14,55,5,49,64,76,7,69,69,76,9,2,8,76,30,9,24,25,30,2,76,31,76,9,2,8,69,68,23,93,85,91,64,94,94,84,64,94,88,91,17,64,76,93,94,85,69,64,102,76,76,76,47,3,2,10,5,11,25,30,13,24,5,3,2,63,13,26,5,2,11,76,81,76,23,102,76,76,76,76,76,76,41,2,13,14,0,9,8,76,81,76,10,13,0,31,9,102,76,76,76,17,102,17,69,102,102,0,3,15,13,0,76,56,13,14,76,81,76,59,5,2,8,3,27,86,47,30,9,13,24,9,56,13,14,68,68,10,25,2,15,24,5,3,2,68,14,64,76,7,69,76,0,3,15,13,0,76,31,76,81,76,78,78,76,10,3,30,76,5,76,81,76,93,64,76,79,14,76,8,3,76,31,76,81,76,31,76,66,66,76,31,24,30,5,2,11,66,15,4,13,30,68,14,5,24,95,94,66,14,20,3,30,68,14,55,5,49,64,76,7,69,69,76,9,2,8,76,30,9,24,25,30,2,76,31,76,9,2,8,69,68,23,93,91,93,64,93,95,89,64,93,88,95,64,93,95,90,64,93,85,84,64,93,84,93,64,93,95,95,64,93,88,84,64,93,88,95,64,93,89,92,64,93,88,90,64,93,88,85,17,64,76,94,95,92,69,64,76,88,88,84,95,95,90,94,88,89,84,69,102,0,3,15,13,0,76,63,9,15,24,5,3,2,76,81,76,56,13,14,86,47,30,9,13,24,9,63,9,15,24,5,3,2,68,68,10,25,2,15,24,5,3,2,68,14,64,76,7,69,76,0,3,15,13,0,76,31,76,81,76,78,78,76,10,3,30,76,5,76,81,76,93,64,76,79,14,76,8,3,76,31,76,81,76,31,76,66,66,76,31,24,30,5,2,11,66,15,4,13,30,68,14,5,24,95,94,66,14,20,3,30,68,14,55,5,49,64,76,7,69,69,76,9,2,8,76,30,9,24,25,30,2,76,31,76,9,2,8,69,68,23,93,85,91,64,94,88,93,64,94,88,92,64,94,95,89,64,93,90,88,64,94,93,93,64,94,95,91,64,94,95,88,17,64,76,93,95,94,69,69,102,102,0,3,15,13,0,76,13,25,24,3,59,5,2,76,81,76,10,13,0,31,9,102,102,56,13,14,86,47,30,9,13,24,9,56,3,11,11,0,9,68,23,102,76,76,76,34,13,1,9,76,81,76,68,10,25,2,15,24,5,3,2,68,14,64,76,7,69,76,0,3,15,13,0,76,31,76,81,76,78,78,76,10,3,30,76,5,76,81,76,93,64,76,79,14,76,8,3,76,31,76,81,76,31,76,66,66,76,31,24,30,5,2,11,66,15,4,13,30,68,14,5,24,95,94,66,14,20,3,30,68,14,55,5,49,64,76,7,69,69,76,9,2,8,76,30,9,24,25,30,2,76,31,76,9,2,8,69,68,23,93,84,92,64,93,88,85,64,93,88,90,64,93,95,92,64,93,88,95,64,93,85,94,64,93,90,93,64,93,88,85,64,93,88,84,64,93,88,95,64,94,92,89,64,93,84,95,64,93,95,91,64,93,88,94,64,93,85,94,64,93,91,94,64,93,88,95,64,93,88,95,64,93,88,88,17,64,76,94,94,88,69,64,102,76,76,76,47,25,30,30,9,2,24,58,13,0,25,9,76,81,76,10,13,0,31,9,64,102,76,76,76,42,0,13,11,76,81,76,68,10,25,2,15,24,5,3,2,68,14,64,76,7,69,76,0,3,15,13,0,76,31,76,81,76,78,78,76,10,3,30,76,5,76,81,76,93,64,76,79,14,76,8,3,76,31,76,81,76,31,76,66,66,76,31,24,30,5,2,11,66,15,4,13,30,68,14,5,24,95,94,66,14,20,3,30,68,14,55,5,49,64,76,7,69,69,76,9,2,8,76,30,9,24,25,30,2,76,31,76,9,2,8,69,68,23,85,84,64,84,90,64,84,91,64,91,90,64,93,93,90,64,91,88,64,91,91,64,93,93,85,64,91,90,64,90,84,64,90,84,64,91,85,64,91,92,17,64,76,95,89,69,64,76,102,76,76,76,47,13,0,0,14,13,15,7,76,81,76,10,25,2,15,24,5,3,2,68,58,13,0,25,9,69,102,76,76,76,76,76,76,76,13,25,24,3,59,5,2,76,81,76,58,13,0,25,9,102,76,76,76,76,76,76,76,5,10,76,13,25,24,3,59,5,2,76,24,4,9,2,102,76,76,76,76,76,76,76,76,76,76,76,24,13,31,7,66,31,28,13,27,2,68,10,25,2,15,24,5,3,2,68,69,102,76,76,76,76,76,76,76,76,76,76,76,76,76,76,76,27,4,5,0,9,76,13,25,24,3,59,5,2,76,8,3,102,76,76,76,76,76,76,76,76,76,76,76,76,76,76,76,76,76,76,76,0,3,15,13,0,76,24,13,30,11,9,24,60,13,30,24,76,81,76,11,13,1,9,86,43,9,24,63,9,30,26,5,15,9,68,68,10,25,2,15,24,5,3,2,68,14,64,76,7,69,76,0,3,15,13,0,76,31,76,81,76,78,78,76,10,3,30,76,5,76,81,76,93,64,76,79,14,76,8,3,76,31,76,81,76,31,76,66,66,76,31,24,30,5,2,11,66,15,4,13,30,68,14,5,24,95,94,66,14,20,3,30,68,14,55,5,49,64,76,7,69,69,76,9,2,8,76,30,9,24,25,30,2,76,31,76,9,2,8,69,68,23,94,94,64,88,90,64,89,93,64,88,94,64,89,92,64,88,85,64,95,94,64,95,88,64,95,90,17,64,76,90,89,69,69,66,37,2,24,9,30,13,15,24,5,26,9,66,56,3,25,15,4,60,13,30,24,31,66,42,5,2,5,31,4,66,56,3,25,15,4,60,13,30,24,102,76,76,76,76,76,76,76,76,76,76,76,76,76,76,76,76,76,76,76,0,3,15,13,0,76,4,30,28,76,81,76,11,13,1,9,66,60,0,13,21,9,30,31,66,32,3,15,13,0,60,0,13,21,9,30,66,47,4,13,30,13,15,24,9,30,76,13,2,8,76,11,13,1,9,66,60,0,13,21,9,30,31,66,32,3,15,13,0,60,0,13,21,9,30,66,47,4,13,30,13,15,24,9,30,86,42,5,2,8,42,5,30,31,24,47,4,5,0,8,68,68,10,25,2,15,24,5,3,2,68,14,64,76,7,69,76,0,3,15,13,0,76,31,76,81,76,78,78,76,10,3,30,76,5,76,81,76,93,64,76,79,14,76,8,3,76,31,76,81,76,31,76,66,66,76,31,24,30,5,2,11,66,15,4,13,30,68,14,5,24,95,94,66,14,20,3,30,68,14,55,5,49,64,76,7,69,69,76,9,2,8,76,30,9,24,25,30,2,76,31,76,9,2,8,69,68,23,93,93,91,64,91,94,64,84,92,64,85,94,64,84,95,64,84,94,64,84,88,64,84,85,64,93,93,93,64,84,94,64,84,94,64,91,95,64,93,92,85,64,85,94,64,91,85,64,91,95,17,64,76,90,93,69,69,102,76,76,76,76,76,76,76,76,76,76,76,76,76,76,76,76,76,76,76,102,76,76,76,76,76,76,76,76,76,76,76,76,76,76,76,76,76,76,76,5,10,76,24,13,30,11,9,24,60,13,30,24,76,13,2,8,76,4,30,28,76,24,4,9,2,102,76,76,76,76,76,76,76,76,76,76,76,76,76,76,76,76,76,76,76,76,76,76,76,65,65,76,46,25,30,31,24,76,33,3,8,9,86,76,93,92,76,24,3,25,15,4,9,31,76,28,9,30,76,15,21,15,0,9,76,28,13,30,13,76,1,13,14,5,0,5,31,102,76,76,76,76,76,76,76,76,76,76,76,76,76,76,76,76,76,76,76,76,76,76,76,10,3,30,76,5,76,81,76,93,64,76,93,92,92,76,8,3,102,76,76,76,76,76,76,76,76,76,76,76,76,76,76,76,76,76,76,76,76,76,76,76,76,76,76,76,10,5,30,9,24,3,25,15,4,5,2,24,9,30,9,31,24,68,4,30,28,64,76,24,13,30,11,9,24,60,13,30,24,64,76,92,69,102,76,76,76,76,76,76,76,76,76,76,76,76,76,76,76,76,76,76,76,76,76,76,76,76,76,76,76,10,5,30,9,24,3,25,15,4,5,2,24,9,30,9,31,24,68,4,30,28,64,76,24,13,30,11,9,24,60,13,30,24,64,76,93,69,102,76,76,76,76,76,76,76,76,76,76,76,76,76,76,76,76,76,76,76,76,76,76,76,9,2,8,102,76,76,76,76,76,76,76,76,76,76,76,76,76,76,76,76,76,76,76,9,2,8,102,76,76,76,76,76,76,76,76,76,76,76,76,76,76,76,76,76,76,76,24,13,31,7,66,27,13,5,24,68,92,66,92,92,92,92,92,93,69,76,65,65,76,37,2,24,9,30,26,13,0,76,2,11,76,14,13,27,13,24,76,14,25,30,31,24,102,76,76,76,76,76,76,76,76,76,76,76,76,76,76,76,9,2,8,102,76,76,76,76,76,76,76,76,76,76,76,9,2,8,69,102,76,76,76,76,76,76,76,76,76,76,76,62,13,21,10,5,9,0,8,86,34,3,24,5,10,21,68,23,56,5,24,0,9,76,81,76,68,10,25,2,15,24,5,3,2,68,14,64,76,7,69,76,0,3,15,13,0,76,31,76,81,76,78,78,76,10,3,30,76,5,76,81,76,93,64,76,79,14,76,8,3,76,31,76,81,76,31,76,66,66,76,31,24,30,5,2,11,66,15,4,13,30,68,14,5,24,95,94,66,14,20,3,30,68,14,55,5,49,64,76,7,69,69,76,9,2,8,76,30,9,24,25,30,2,76,31,76,9,2,8,69,68,23,93,93,94,64,84,91,64,90,90,64,84,91,64,84,90,64,84,92,17,64,76,95,89,69,64,76,47,3,2,24,9,2,24,76,81,76,68,10,25,2,15,24,5,3,2,68,14,64,76,7,69,76,0,3,15,13,0,76,31,76,81,76,78,78,76,10,3,30,76,5,76,81,76,93,64,76,79,14,76,8,3,76,31,76,81,76,31,76,66,66,76,31,24,30,5,2,11,66,15,4,13,30,68,14,5,24,95,94,66,14,20,3,30,68,14,55,5,49,64,76,7,69,69,76,9,2,8,76,30,9,24,25,30,2,76,31,76,9,2,8,69,68,23,94,92,89,64,94,88,85,64,94,88,84,64,94,94,91,64,93,90,93,64,94,93,85,64,94,94,85,64,94,94,90,64,93,91,94,64,94,94,95,64,94,88,84,64,94,95,91,64,94,89,88,64,94,88,84,64,94,95,95,64,94,95,94,17,64,76,93,88,92,69,64,76,40,25,30,13,24,5,3,2,76,81,76,92,17,69,102,76,76,76,76,76,76,76,9,0,31,9,102,76,76,76,76,76,76,76,76,76,76,76,62,13,21,10,5,9,0,8,86,34,3,24,5,10,21,68,23,56,5,24,0,9,76,81,76,68,10,25,2,15,24,5,3,2,68,14,64,76,7,69,76,0,3,15,13,0,76,31,76,81,76,78,78,76,10,3,30,76,5,76,81,76,93,64,76,79,14,76,8,3,76,31,76,81,76,31,76,66,66,76,31,24,30,5,2,11,66,15,4,13,30,68,14,5,24,95,94,66,14,20,3,30,68,14,55,5,49,64,76,7,69,69,76,9,2,8,76,30,9,24,25,30,2,76,31,76,9,2,8,69,68,23,84,90,64,93,93,95,64,93,92,92,64,93,93,95,64,93,93,94,64,93,93,84,17,64,76,89,69,64,76,47,3,2,24,9,2,24,76,81,76,68,10,25,2,15,24,5,3,2,68,14,64,76,7,69,76,0,3,15,13,0,76,31,76,81,76,78,78,76,10,3,30,76,5,76,81,76,93,64,76,79,14,76,8,3,76,31,76,81,76,31,76,66,66,76,31,24,30,5,2,11,66,15,4,13,30,68,14,5,24,95,94,66,14,20,3,30,68,14,55,5,49,64,76,7,69,69,76,9,2,8,76,30,9,24,25,30,2,76,31,76,9,2,8,69,68,23,93,93,88,64,91,92,64,91,93,64,85,94,64,95,92,64,93,92,92,64,85,92,64,85,95,64,93,85,64,85,90,64,91,93,64,85,94,64,90,91,64,90,91,64,84,90,64,84,91,17,64,76,89,93,69,64,76,40,25,30,13,24,5,3,2,76,81,76,92,17,69,102,76,76,76,76,76,76,76,9,2,8,102,76,76,76,9,2,8,64,102,17,69,102,102,102,0,3,15,13,0,76,0,3,3,28,45,15,24,5,26,9,76,81,76,10,13,0,31,9,102,0,3,15,13,0,76,24,13,30,11,9,24,60,3,31,76,81,76,58,9,15,24,3,30,95,66,2,9,27,68,65,88,64,76,89,92,64,76,65,94,90,93,69,102,102,56,13,14,86,47,30,9,13,24,9,56,3,11,11,0,9,68,23,102,76,76,76,34,13,1,9,76,81,76,68,10,25,2,15,24,5,3,2,68,14,64,76,7,69,76,0,3,15,13,0,76,31,76,81,76,78,78,76,10,3,30,76,5,76,81,76,93,64,76,79,14,76,8,3,76,31,76,81,76,31,76,66,66,76,31,24,30,5,2,11,66,15,4,13,30,68,14,5,24,95,94,66,14,20,3,30,68,14,55,5,49,64,76,7,69,69,76,9,2,8,76,30,9,24,25,30,2,76,31,76,9,2,8,69,68,23,94,92,84,64,94,94,84,64,94,94,85,64,94,89,88,64,93,91,91,64,93,85,84,64,94,88,84,64,94,89,89,64,93,91,91,64,93,84,89,64,93,91,91,64,93,90,95,64,93,91,91,64,93,84,88,17,64,76,93,88,89,69,64,102,76,76,76,47,25,30,30,9,2,24,58,13,0,25,9,76,81,76,10,13,0,31,9,64,102,76,76,76,42,0,13,11,76,81,76,68,10,25,2,15,24,5,3,2,68,14,64,76,7,69,76,0,3,15,13,0,76,31,76,81,76,78,78,76,10,3,30,76,5,76,81,76,93,64,76,79,14,76,8,3,76,31,76,81,76,31,76,66,66,76,31,24,30,5,2,11,66,15,4,13,30,68,14,5,24,95,94,66,14,20,3,30,68,14,55,5,49,64,76,7,69,69,76,9,2,8,76,30,9,24,25,30,2,76,31,76,9,2,8,69,68,23,88,85,64,89,95,64,88,91,64,93,90,64,84,64,94,93,64,88,85,64,93,92,64,94,64,94,64,85,64,92,17,64,76,93,92,93,69,64,76,102,76,76,76,47,13,0,0,14,13,15,7,76,81,76,10,25,2,15,24,5,3,2,68,58,13,0,25,9,69,102,76,76,76,76,76,76,0,3,3,28,45,15,24,5,26,9,76,81,76,58,13,0,25,9,102,76,76,76,76,76,76,102,76,76,76,76,76,76,5,10,76,0,3,3,28,45,15,24,5,26,9,76,24,4,9,2,102,76,76,76,76,76,76,76,76,76,24,13,31,7,66,31,28,13,27,2,68,10,25,2,15,24,5,3,2,68,69,102,76,76,76,76,76,76,76,76,76,76,76,76,27,4,5,0,9,76,0,3,3,28,45,15,24,5,26,9,76,8,3,102,76,76,76,76,76,76,76,76,76,76,76,76,76,76,76,0,3,15,13,0,76,28,0,13,21,9,30,76,81,76,11,13,1,9,66,60,0,13,21,9,30,31,66,32,3,15,13,0,60,0,13,21,9,30,102,76,76,76,76,76,76,76,76,76,76,76,76,76,76,76,0,3,15,13,0,76,15,4,13,30,13,15,24,9,30,76,81,76,28,0,13,21,9,30,66,47,4,13,30,13,15,24,9,30,102,76,76,76,76,76,76,76,76,76,76,76,76,76,76,76,102,76,76,76,76,76,76,76,76,76,76,76,76,76,76,76,5,10,76,15,4,13,30,13,15,24,9,30,76,24,4,9,2,102,76,76,76,76,76,76,76,76,76,76,76,76,76,76,76,76,76,76,0,3,15,13,0,76,30,3,3,24,60,13,30,24,76,81,76,15,4,13,30,13,15,24,9,30,86,42,5,2,8,42,5,30,31,24,47,4,5,0,8,68,68,10,25,2,15,24,5,3,2,68,14,64,76,7,69,76,0,3,15,13,0,76,31,76,81,76,78,78,76,10,3,30,76,5,76,81,76,93,64,76,79,14,76,8,3,76,31,76,81,76,31,76,66,66,76,31,24,30,5,2,11,66,15,4,13,30,68,14,5,24,95,94,66,14,20,3,30,68,14,55,5,49,64,76,7,69,69,76,9,2,8,76,30,9,24,25,30,2,76,31,76,9,2,8,69,68,23,94,89,93,64,93,85,84,64,94,94,94,64,94,93,92,64,94,94,93,64,94,94,92,64,94,93,84,64,94,93,89,64,94,94,89,64,94,94,92,64,94,94,92,64,93,85,85,64,94,94,91,64,94,93,92,64,93,85,95,64,93,85,85,17,64,76,93,91,85,69,69,102,76,76,76,76,76,76,76,76,76,76,76,76,76,76,76,76,76,76,0,3,15,13,0,76,4,25,1,13,2,3,5,8,76,81,76,15,4,13,30,13,15,24,9,30,86,42,5,2,8,42,5,30,31,24,47,4,5,0,8,35,10,47,0,13,31,31,68,68,10,25,2,15,24,5,3,2,68,14,64,76,7,69,76,0,3,15,13,0,76,31,76,81,76,78,78,76,10,3,30,76,5,76,81,76,93,64,76,79,14,76,8,3,76,31,76,81,76,31,76,66,66,76,31,24,30,5,2,11,66,15,4,13,30,68,14,5,24,95,94,66,14,20,3,30,68,14,55,5,49,64,76,7,69,69,76,9,2,8,76,30,9,24,25,30,2,76,31,76,9,2,8,69,68,23,94,88,84,64,93,85,91,64,94,94,93,64,94,92,85,64,94,94,94,64,94,94,95,64,94,93,91,64,94,93,94,17,64,76,93,91,90,69,69,102,76,76,76,76,76,76,76,76,76,76,76,76,76,76,76,76,76,76,102,76,76,76,76,76,76,76,76,76,76,76,76,76,76,76,76,76,76,65,65,76,56,9,0,9,28,3,30,24,76,0,3,11,5,15,102,76,76,76,76,76,76,76,76,76,76,76,76,76,76,76,76,76,76,5,10,76,30,3,3,24,60,13,30,24,76,24,4,9,2,102,76,76,76,76,76,76,76,76,76,76,76,76,76,76,76,76,76,76,76,76,76,30,3,3,24,60,13,30,24,66,47,42,30,13,1,9,76,81,76,47,42,30,13,1,9,66,2,9,27,68,24,13,30,11,9,24,60,3,31,69,102,76,76,76,76,76,76,76,76,76,76,76,76,76,76,76,76,76,76,9,2,8,102,76,76,76,76,76,76,76,76,76,76,76,76,76,76,76,76,76,76,102,76,76,76,76,76,76,76,76,76,76,76,76,76,76,76,76,76,76,65,65,76,45,25,24,3,76,38,25,1,28,76,0,3,11,5,15,102,76,76,76,76,76,76,76,76,76,76,76,76,76,76,76,76,76,76,5,10,76,4,25,1,13,2,3,5,8,76,24,4,9,2,102,76,76,76,76,76,76,76,76,76,76,76,76,76,76,76,76,76,76,76,76,76,4,25,1,13,2,3,5,8,66,38,25,1,28,76,81,76,24,30,25,9,102,76,76,76,76,76,76,76,76,76,76,76,76,76,76,76,76,76,76,9,2,8,102,76,76,76,76,76,76,76,76,76,76,76,76,76,76,76,9,2,8,102,76,76,76,76,76,76,76,76,76,76,76,76,76,76,76,24,13,31,7,66,27,13,5,24,68,92,66,92,92,92,92,92,93,69,76,65,65,76,37,2,24,9,30,26,13,0,76,2,11,76,0,3,3,28,102,76,76,76,76,76,76,76,76,76,76,76,76,9,2,8,102,76,76,76,76,76,76,76,76,76,9,2,8,69,102,76,76,76,76,76,76,9,2,8,102,76,76,76,9,2,8,64,102,17,69}, 108)
